0101001000000000
0000000000001010
0101000000000000
0000000000000000
0101000100000000
0000000001010000
0101001100000000
0000000000100000
0101010000000000
0000000000000010
1111001100000000
1010101000000000
1110100100000000
0001110010010000
1010010000000000
1001000000000000
1111001100000000
0101000000000000
0000000000000000
0101001000000000
0000000000001000
0101001100000000
0000000001100000
0101010000000000
0000000000000011
1111001100000000
0001110010010000
1010010000000000
1001000000000000
0011010101000000
1110101100000000
1001010000000000
1010010000000000
